prev_abs	prev_abs_noI2	prev_rel	p1
11.2737718237678	11.2737718237678	1	0
11.1796505419701	11.1796505419701	1	0.01
11.0861970224588	11.0861970224588	1	0.02
10.9934105846513	10.9934105846513	1	0.03
10.9012904567326	10.9012904567326	1	0.04
10.8098357761848	10.8098357761848	1	0.05
10.7190455903801	10.7190455903801	1	0.06
10.6289188572316	10.6289188572316	1	0.07
10.539454445907	10.539454445907	1	0.08
10.4506511375921	10.4506511375921	1	0.09
10.3625076263185	10.3625076263185	1	0.1
10.2750225198433	10.2750225198433	1	0.11
10.1881943405823	10.1881943405823	1	0.12
10.1020215265954	10.1020215265954	1	0.13
10.0165024326288	10.0165024326288	1	0.14
9.93163533119322	9.93163533119322	1	0.15
9.84741841370361	9.84741841370361	1	0.16
9.76384979165781	9.76384979165781	1	0.17
9.68092749786084	9.68092749786084	1	0.18
9.59864948769167	9.59864948769167	1	0.19
9.51701364041055	9.51701364041055	1	0.2
9.43601776050509	9.43601776050509	1	0.21
9.35565957907315	9.35565957907315	1	0.22
9.27593675524059	9.27593675524059	1	0.23
9.19684687761184	9.19684687761184	1	0.24
9.11838746575151	9.11838746575151	1	0.25
9.04055597169228	9.04055597169228	1	0.26
8.96334978148229	8.96334978148229	1	0.27
8.88676621673215	8.88676621673215	1	0.28
8.81080253621006	8.81080253621006	1	0.29
8.73545593744507	8.73545593744507	1	0.3
8.66072355835167	8.66072355835167	1	0.31
8.58660247887112	8.58660247887112	1	0.32
8.51308972262759	8.51308972262759	1	0.33
8.44018225859712	8.44018225859712	1	0.34
8.36787700278732	8.36787700278732	1	0.35
8.29617081992618	8.29617081992618	1	0.36
8.22506052515765	8.22506052515765	1	0.37
8.15454288574257	8.15454288574257	1	0.38
8.08461462276277	8.08461462276277	1	0.39
8.01527241282677	8.01527241282677	1	0.4
7.94651288977518	7.94651288977518	1	0.41
7.87833264638403	7.87833264638403	1	0.42
7.81072823606474	7.81072823606474	1	0.43
7.74369617455853	7.74369617455853	1	0.44
7.67723294162418	7.67723294162418	1	0.45
7.6113349827173	7.6113349827173	1	0.46
7.54599871065986	7.54599871065986	1	0.47
7.4812205072984	7.4812205072984	1	0.48
7.4169967251507	7.4169967251507	1	0.49
7.35332368903324	7.35332368903324	1	0.5
7.29019769768404	7.29019769768404	1	0.51
7.22761502535849	7.22761502535849	1	0.52
7.16557192341301	7.16557192341301	1	0.53
7.104064621869	7.104064621869	1	0.54
7.04308933095721	7.04308933095721	1	0.55
6.98264224264141	6.98264224264141	1	0.56
6.9227195321207	6.9227195321207	1	0.57
6.8633173593093	6.8633173593093	1	0.58
6.80443187028925	6.80443187028925	1	0.59
6.74605919875942	6.74605919875942	1	0.6
6.68819546741939	6.68819546741939	1	0.61
6.63083678936869	6.63083678936869	1	0.62
6.57397926945999	6.57397926945999	1	0.63
6.51761900563003	6.51761900563003	1	0.64
6.46175209020376	6.46175209020376	1	0.65
6.40637461117124	6.40637461117124	1	0.66
6.35148265343707	6.35148265343707	1	0.67
6.29707230004186	6.29707230004186	1	0.68
6.24313963335813	6.24313963335813	1	0.69
6.18968073624486	6.18968073624486	1	0.7
5.67776842730704	6.13669169319945	0.920010319572144	0.71
4.92565343767055	6.08416859145493	0.798139630264846	0.72
4.17353844799168	6.03210752206136	0.67626894094961	0.73
3.42142345833133	5.98050458093581	0.554398251636872	0.74
2.66930846867065	5.92935586988331	0.432527562324087	0.75
1.91719347901066	5.87865749758906	0.310656873011407	0.76
1.1650784893635	5.82840558058166	0.188786183700709	0.77
0.412963499704991	5.7785962441677	0.0669154943883524	0.78
1.28487457558183e-37	5.72922562333765	2.08197619192691e-38	0.79
1.41904633282996e-113	5.68028986364322	2.29938449739821e-114	0.8
1.78955076553765e-189	5.63178512204652	2.89973991150698e-190	0.81
3.28365492808376e-262	5.58370756774095	5.32074609669932e-263	0.82
7.1738331776149e-321	5.53605338294434	1.16105426772693e-321	0.83
5.43472210425371e-321	5.48881876366434	8.79436849597419e-322	0.84
5.25191781529245e-321	5.4419999204365	8.49792910846944e-322	0.85
4.15509208152488e-321	5.39559307903533	6.71929278344095e-322	0.86
3.42387492567984e-321	5.34959448115853	5.53353523342196e-322	0.87
2.87546205879605e-321	5.30400038508484	4.64421707090772e-322	0.88
3.51774739838968e-321	5.25880706630586	5.68175492717434e-322	0.89
3.15213882046715e-321	5.21401081813215	5.08887615216484e-322	0.9
2.78653024254463e-321	5.16960795227406	4.49599737715534e-322	0.91
2.60372595358337e-321	5.12559479939759	4.1995579896506e-322	0.92
2.42092166462211e-321	5.08196770965583	3.90311860214585e-322	0.93
2.23811737566085e-321	5.03872305319629	3.6066792146411e-322	0.94
2.05531308669959e-321	4.99585722064457	3.31023982713635e-322	0.95
1.87250879773832e-321	4.95336662356485	3.0138004396316e-322	0.96
1.87250879773832e-321	4.91124769489759	3.0138004396316e-322	0.97
1.68970450877706e-321	4.86949688937502	2.71736105212686e-322	0.98
1.68970450877706e-321	4.82811068391461	2.71736105212686e-322	0.99
1.5069002198158e-321	4.78708557799137	2.42092166462211e-322	1
