prev_abs	prev_abs_noI2	prev_rel	p1
12.2132528090811	12.2132528090811	1	0
12.13618782167	12.13618782167	1	0.01
12.0596459517454	12.0596459517454	1	0.02
11.983626206831	11.983626206831	1	0.03
11.9081275377055	11.9081275377055	1	0.04
11.8331488389908	11.8331488389908	1	0.05
11.7586889497648	11.7586889497648	1	0.06
11.684746654206	11.684746654206	1	0.07
11.6113206822618	11.6113206822618	1	0.08
11.5384097103477	11.5384097103477	1	0.09
11.466012362064	11.466012362064	1	0.1
11.3941272089438	11.3941272089438	1	0.11
11.3227527712216	11.3227527712216	1	0.12
11.2518875186245	11.2518875186245	1	0.13
11.1815298711849	11.1815298711849	1	0.14
11.1116782000744	11.1116782000744	1	0.15
11.0423308284548	11.0423308284548	1	0.16
10.9734860323566	10.9734860323566	1	0.17
10.9051420415581	10.9051420415581	1	0.18
10.837297040498	10.837297040498	1	0.19
10.7699491691953	10.7699491691953	1	0.2
10.7030965241845	10.7030965241845	1	0.21
10.6367371594657	10.6367371594657	1	0.22
10.5708690874661	10.5708690874661	1	0.23
10.5054902800134	10.5054902800134	1	0.24
10.4405986693197	10.4405986693197	1	0.25
10.3761921489743	10.3761921489743	1	0.26
10.3122685749456	10.3122685749456	1	0.27
10.2488257665898	10.2488257665898	1	0.28
10.1858615076665	10.1858615076665	1	0.29
10.1233735473591	10.1233735473591	1	0.3
10.0613596013003	10.0613596013003	1	0.31
9.99981735260066	9.99981735260066	1	0.32
9.93874445287699	9.93874445287698	1	0.33
9.87813852329677	9.87813852329677	1	0.34
9.81799715559423	9.81799715559423	1	0.35
9.75831791311541	9.75831791311541	1	0.36
9.69909833184755	9.69909833184755	1	0.37
9.64033592144962	9.64033592144962	1	0.38
9.58202816627987	9.58202816627987	1	0.39
9.52417252642013	9.52417252642013	1	0.4
9.46676643869563	9.46676643869563	1	0.41
9.40980731768979	9.40980731768979	1	0.42
9.35329255675322	9.35329255675322	1	0.43
9.29721952900624	9.29721952900624	1	0.44
9.24158558833411	9.24158558833411	1	0.45
9.18638807037449	9.18638807037449	1	0.46
9.13162429349643	9.13162429349643	1	0.47
9.07729155977017	9.07729155977017	1	0.48
9.02338715592739	9.02338715592739	1	0.49
8.96990835431117	8.96990835431117	1	0.5
8.91685241381524	8.91685241381524	1	0.51
8.86421658081195	8.86421658081195	1	0.52
8.81199809006858	8.81199809006858	1	0.53
8.76019416565146	8.76019416565146	1	0.54
8.70880202181749	8.70880202181749	1	0.55
8.65781886389276	8.65781886389276	1	0.56
8.60724188914105	8.60724188914105	1	0.57
8.55706828760218	8.55706828760218	1	0.58
8.50729524294946	8.50729524294946	1	0.59
8.45791993329968	8.45791993329968	1	0.6
8.4089395320252	8.4089395320252	1	0.61
8.36035120854786	8.36035120854786	1	0.62
8.31215212911796	8.31215212911796	1	0.63
8.26433945757792	8.26433945757792	1	0.64
8.21691035611069	8.21691035611069	1	0.65
8.16986198597252	8.16986198597252	1	0.66
8.12319150821016	8.12319150821016	1	0.67
8.07689608436225	8.07689608436225	1	0.68
8.03097287714483	8.03097287714483	1	0.69
7.98541905112102	7.98541905112102	1	0.7
7.94023177335457	7.94023177335457	1	0.71
7.8954082140476	7.8954082140476	1	0.72
7.85094554716223	7.85094554716223	1	0.73
7.80684095102614	7.80684095102614	1	0.74
7.34727163727821	7.76309160892224	0.943020250930222	0.75
6.65761342011239	7.71969470965737	0.854502812470254	0.76
5.96795520297969	7.67664744813998	0.765985374013588	0.77
5.27829698584715	7.6339470258922	0.677467935556938	0.78
4.58863876871449	7.59159065159594	0.588950497100269	0.79
3.89898055158172	7.54957554159846	0.50043305864359	0.8
3.20932233444924	7.50789892040731	0.411915620186946	0.81
2.51966411731663	7.46655802116985	0.323398181730284	0.82
1.83000590018389	7.42555008613871	0.234880743273603	0.83
1.14034768305134	7.38487236711589	0.146363304816949	0.84
0.450689465918538	7.34452212589426	0.057845866360261	0.85
3.60810931563488e-29	7.30449663467166	4.63099817210178e-30	0.86
2.6685231808876e-101	7.26479317645671	3.42504200727802e-102	0.87
1.48377727387801e-174	7.22540904545867	1.90442396336607e-175	0.88
8.6544987743456e-244	7.18634154746312	1.1108024867981e-244	0.89
9.71815944664167e-315	7.14758800019339	1.24732303556267e-315	0.9
4.98018171007977e-321	7.10914573365806	6.37344683135208e-322	0.91
5.80033068217623e-321	7.0710120904848	7.46039125220282e-322	0.92
4.52070065944741e-321	7.03318442624055	5.78056805634258e-322	0.93
3.6066792146411e-321	6.99566010973845	4.64421707090772e-322	0.94
3.05826634775732e-321	6.95843652333168	3.90311860214585e-322	0.95
2.69265776983479e-321	6.92151106319437	3.45845952088873e-322	0.96
3.33494310942841e-321	6.88488113958986	4.29837111881884e-322	0.97
2.96933453150589e-321	6.84854417712661	3.8043054729776e-322	0.98
2.78653024254463e-321	6.81249761500181	3.55727265005698e-322	0.99
2.60372595358337e-321	6.77673890723313	3.35964639172048e-322	1
