prev_abs	prev_abs_noI2	prev_rel	p1
11.2737718237678	11.2737718237678	1	0
11.1974856953417	11.1974856953417	1	0.01
11.1215758051127	11.1215758051127	1	0.02
11.0460423196943	11.0460423196943	1	0.03
10.9708853763692	10.9708853763692	1	0.04
10.8961050830371	10.8961050830371	1	0.05
10.8217015181706	10.8217015181706	1	0.06
10.7476747307861	10.7476747307861	1	0.07
10.6740247404232	10.6740247404232	1	0.08
10.6007515371401	10.6007515371401	1	0.09
10.527855081513	10.527855081513	1	0.1
10.4553353046549	10.4553353046549	1	0.11
10.3831921082411	10.3831921082411	1	0.12
10.3114253645483	10.3114253645483	1	0.13
10.2400349165039	10.2400349165039	1	0.14
10.1690205777479	10.1690205777479	1	0.15
10.0983821327035	10.0983821327035	1	0.16
10.0281193366671	10.0281193366671	1	0.17
9.95823191589506	9.95823191589506	1	0.18
9.88871956771527	9.88871956771527	1	0.19
9.8195819606433	9.8195819606433	1	0.2
9.75081873451058	9.75081873451058	1	0.21
9.68242950060345	9.68242950060345	1	0.22
9.61441384181287	9.61441384181287	1	0.23
9.54677131279477	9.54677131279477	1	0.24
9.47950144014069	9.47950144014069	1	0.25
9.41260372255873	9.41260372255873	1	0.26
9.34607763106465	9.34607763106465	1	0.27
9.27992260918284	9.27992260918284	1	0.28
9.21413807315702	9.21413807315702	1	0.29
9.14872341217057	9.14872341217057	1	0.3
9.08367798857626	9.08367798857626	1	0.31
9.01900113813249	9.01900113813249	1	0.32
8.95469217026142	8.95469217026142	1	0.33
8.89075036829018	8.89075036829018	1	0.34
8.82717498972633	8.82717498972633	1	0.35
8.7639652665287	8.7639652665287	1	0.36
8.70112040538904	8.70112040538904	1	0.37
8.6386395880214	8.6386395880214	1	0.38
8.57652197145921	8.57652197145921	1	0.39
8.51476668835971	8.51476668835971	1	0.4
8.45337284731553	8.45337284731553	1	0.41
8.39233953317308	8.39233953317308	1	0.42
8.33166580735768	8.33166580735768	1	0.43
8.27135070820494	8.27135070820494	1	0.44
8.21139325129832	8.21139325129832	1	0.45
8.15179242981251	8.15179242981251	1	0.46
8.09254721486235	8.09254721486235	1	0.47
8.03365655585714	8.03365655585714	1	0.48
7.97511938085993	7.97511938085993	1	0.49
7.91693459695147	7.91693459695147	1	0.5
7.85910109059902	7.85910109059902	1	0.51
7.80161772802897	7.80161772802897	1	0.52
7.74448335560366	7.74448335560366	1	0.53
7.68769680020185	7.68769680020185	1	0.54
7.63125686960257	7.63125686960257	1	0.55
7.57516235287216	7.57516235287216	1	0.56
7.51941202075421	7.51941202075421	1	0.57
7.46400462606204	7.46400462606204	1	0.58
7.40893890407481	7.40893890407481	1	0.59
7.3542135729297	7.3542135729297	1	0.6
7.29982733402795	7.29982733402795	1	0.61
7.24577887243043	7.24577887243043	1	0.62
7.19206685726053	7.19206685726053	1	0.63
7.13868994210692	7.13868994210692	1	0.64
7.08564676542726	7.08564676542726	1	0.65
7.03293595095225	7.03293595095225	1	0.66
6.98055610809026	6.98055610809026	1	0.67
6.92850583233187	6.92850583233187	1	0.68
6.87678370565446	6.87678370565446	1	0.69
6.82538829692622	6.82538829692622	1	0.7
6.77431816230562	6.77431816230562	1	0.71
6.7235718456609	6.7235718456609	1	0.72
6.67314787894658	6.67314787894658	1	0.73
6.62304478262085	6.62304478262085	1	0.74
6.57326106604038	6.57326106604038	1	0.75
6.52379522785783	6.52379522785783	1	0.76
6.47464575641744	6.47464575641744	1	0.77
6.42581113014868	6.42581113014868	1	0.78
6.37728981795768	6.37728981795768	1	0.79
6.32908027961629	6.32908027961629	1	0.8
6.28118096614857	6.28118096614857	1	0.81
6.23359032021736	6.23359032021736	1	0.82
6.18630677649436	6.18630677649436	1	0.83
5.73721523492358	6.13932876205431	0.929642920334371	0.84
5.10220669375219	6.09265469673891	0.826747844852612	0.85
4.46719815255086	6.04628299353095	0.723852769366793	0.86
3.83218961138044	6.00021205892228	0.620957693885234	0.87
3.1971810702098	5.95444029327824	0.518062618403647	0.88
2.56217252903919	5.90896609119832	0.415167542922063	0.89
1.9271639878798	5.86378784187301	0.31227246744217	0.9
1.29215544671722	5.81890392943673	0.20937739196189	0.91
0.657146905550772	5.77431273331667	0.106482316481043	0.92
0.0220288525934536	5.73001262857751	0.00356949599024095	0.93
3.5291617398853e-70	5.68600198626183	5.71855872902254e-71	0.94
3.97952167449807e-138	5.64227917372623	6.44830984985496e-139	0.95
1.72650626825572e-207	5.59884255497297	2.79758430435871e-208	0.96
7.1067040676748e-273	5.55569049097718	1.15155120609899e-273	0.97
6.80822459969238e-321	5.51282134000934	1.10176639022598e-321	0.98
5.25191781529245e-321	5.47023345795324	8.49792910846944e-322	0.99
5.43472210425371e-321	5.42792519861913	8.79436849597419e-322	1
