prev_abs	prev_abs_noI2	prev_rel	p1
11.2737718237678	11.2737718237678	1	0
11.1796505419701	11.1796505419701	1	0.01
11.0861970224588	11.0861970224588	1	0.02
10.9934105846513	10.9934105846513	1	0.03
10.9012904567326	10.9012904567326	1	0.04
10.8098357761848	10.8098357761848	1	0.05
10.7190455903801	10.7190455903801	1	0.06
10.6289188572316	10.6289188572316	1	0.07
10.539454445907	10.539454445907	1	0.08
10.4506511375921	10.4506511375921	1	0.09
10.3625076263185	10.3625076263185	1	0.1
10.2750225198433	10.2750225198433	1	0.11
10.1881943405823	10.1881943405823	1	0.12
10.1020215265954	10.1020215265954	1	0.13
10.0165024326288	10.0165024326288	1	0.14
9.93163533119322	9.93163533119322	1	0.15
9.84741841370361	9.84741841370361	1	0.16
9.76384979165781	9.76384979165781	1	0.17
9.68092749786084	9.68092749786084	1	0.18
9.59864948769167	9.59864948769167	1	0.19
9.51701364041055	9.51701364041055	1	0.2
9.43601776050509	9.43601776050509	1	0.21
9.35565957907315	9.35565957907315	1	0.22
9.27593675524059	9.27593675524059	1	0.23
9.19684687761184	9.19684687761184	1	0.24
9.11838746575151	9.11838746575151	1	0.25
9.04055597169228	9.04055597169228	1	0.26
8.96334978148229	8.96334978148229	1	0.27
8.88676621673215	8.88676621673215	1	0.28
8.81080253621006	8.81080253621006	1	0.29
8.73545593744507	8.73545593744507	1	0.3
8.66072355835167	8.66072355835167	1	0.31
8.58660247887112	8.58660247887112	1	0.32
8.51308972262759	8.51308972262759	1	0.33
8.44018225859712	8.44018225859712	1	0.34
8.36787700278732	8.36787700278732	1	0.35
8.29617081992618	8.29617081992618	1	0.36
8.22506052515765	8.22506052515765	1	0.37
8.15454288574257	8.15454288574257	1	0.38
8.08461462276277	8.08461462276277	1	0.39
8.01527241282677	8.01527241282677	1	0.4
7.94651288977518	7.94651288977518	1	0.41
7.87833264638403	7.87833264638403	1	0.42
7.81072823606474	7.81072823606474	1	0.43
7.74369617455853	7.74369617455853	1	0.44
7.67723294162418	7.67723294162418	1	0.45
7.21990155221035	7.6113349827173	0.944523854998429	0.46
6.36518216944123	7.54599871065986	0.832707531671085	0.47
5.51046278661466	7.4812205072984	0.720891208336969	0.48
4.65574340381462	7.4169967251507	0.609074885005211	0.49
3.8010240210144	7.35332368903324	0.497258561673428	0.5
2.94630463821445	7.29019769768404	0.385442238341677	0.51
2.09158525541442	7.22761502535849	0.273625915009913	0.52
1.23686587261407	7.16557192341301	0.161809591678106	0.53
0.382146489813039	7.104064621869	0.0499932683462104	0.54
1.60145840368034e-62	7.04308933095721	2.09506411427875e-63	0.55
2.69651202542271e-163	6.98264224264141	3.52763803618033e-164	0.56
2.32635255827619e-265	6.9227195321207	3.04338704695804e-266	0.57
7.35663746657616e-321	6.8633173593093	9.63428009390431e-322	0.58
5.25191781529245e-321	6.80443187028925	6.86751247719333e-322	0.59
4.43176884319598e-321	6.74605919875942	5.78056805634258e-322	0.6
3.42387492567984e-321	6.68819546741939	4.49599737715534e-322	0.61
3.15213882046715e-321	6.63083678936869	4.10074486048235e-322	0.62
2.87546205879605e-321	6.57397926945999	3.75489890839347e-322	0.63
2.60372595358337e-321	6.51761900563003	3.4090529563046e-322	0.64
2.32704919191227e-321	6.46175209020376	3.06320700421573e-322	0.65
1.87250879773832e-321	6.40637461117124	2.47032822920623e-322	0.66
2.05531308669959e-321	6.35148265343707	2.66795448754273e-322	0.67
1.59583203606723e-321	6.29707230004186	2.07507571253324e-322	0.68
1.77863632502849e-321	6.24313963335813	2.32210853545386e-322	0.69
1.77863632502849e-321	6.18968073624486	2.32210853545386e-322	0.7
1.32409593085454e-321	6.13669169319945	1.72922976044436e-322	0.71
1.32409593085454e-321	6.08416859145493	1.72922976044436e-322	0.72
1.5069002198158e-321	6.03210752206136	1.97626258336499e-322	0.73
1.04247851272503e-321	5.98050458093581	1.38338380835549e-322	0.74
1.04741916918344e-321	5.92935586988331	1.38338380835549e-322	0.75
1.04247851272503e-321	5.87865749758906	1.38338380835549e-322	0.76
1.04247851272503e-321	5.82840558058166	1.38338380835549e-322	0.77
1.04741916918344e-321	5.7785962441677	1.38338380835549e-322	0.78
1.2302234581447e-321	5.72922562333765	1.63041663127611e-322	0.79
8.64614880222181e-322	5.68028986364322	1.13635098543487e-322	0.8
5.87938118551083e-322	5.63178512204652	7.90505033345994e-323	0.81
7.75683063970757e-322	5.58370756774095	1.03753785626662e-322	0.82
7.75683063970757e-322	5.53605338294434	1.03753785626662e-322	0.83
7.75683063970757e-322	5.48881876366434	1.03753785626662e-322	0.84
7.75683063970757e-322	5.4419999204365	1.03753785626662e-322	0.85
7.70742407512345e-322	5.39559307903533	9.88131291682493e-323	0.86
7.70742407512345e-322	5.34959448115853	9.88131291682493e-323	0.87
7.75683063970757e-322	5.30400038508484	1.03753785626662e-322	0.88
9.53546696473606e-322	5.25880706630586	1.23516411460312e-322	0.89
7.75683063970757e-322	5.21401081813215	1.03753785626662e-322	0.9
7.75683063970757e-322	5.16960795227406	1.03753785626662e-322	0.91
7.70742407512345e-322	5.12559479939759	9.88131291682493e-323	0.92
7.75683063970757e-322	5.08196770965583	1.03753785626662e-322	0.93
5.82997462092671e-322	5.03872305319629	7.4109846876187e-323	0.94
5.92878775009496e-322	4.99585722064457	7.90505033345994e-323	0.95
5.92878775009496e-322	4.95336662356485	7.90505033345994e-323	0.96
5.78056805634258e-322	4.91124769489759	7.4109846876187e-323	0.97
5.92878775009496e-322	4.86949688937502	7.90505033345994e-323	0.98
4.0019317313141e-322	4.82811068391461	5.43472210425371e-323	0.99
4.10074486048235e-322	4.78708557799137	5.43472210425371e-323	1
