prev_abs	prev_abs_noI2	prev_rel	p1
11.2737718237678	11.2737718237678	1	0
11.2332721702253	11.2332721702253	1	0.01
11.192796903663	11.192796903663	1	0.02
11.152346104734	11.152346104734	1	0.03
11.1119198543223	11.1119198543223	1	0.04
11.071518233543	11.071518233543	1	0.05
11.0311413237417	11.0311413237417	1	0.06
10.9907892064942	10.9907892064942	1	0.07
10.9504619636081	10.9504619636081	1	0.08
10.9101596771202	10.9101596771202	1	0.09
10.8698824292978	10.8698824292978	1	0.1
10.829630302638	10.829630302638	1	0.11
10.7894033798681	10.7894033798681	1	0.12
10.7492017439448	10.7492017439448	1	0.13
10.7090254780533	10.7090254780533	1	0.14
10.6688746656106	10.6688746656106	1	0.15
10.62874939026	10.62874939026	1	0.16
10.5886497358747	10.5886497358747	1	0.17
10.5485757865558	10.5485757865558	1	0.18
10.508527626633	10.508527626633	1	0.19
10.4685053406638	10.4685053406638	1	0.2
10.428509013433	10.428509013433	1	0.21
10.388538729953	10.388538729953	1	0.22
10.348594575463	10.348594575463	1	0.23
10.3086766354288	10.3086766354288	1	0.24
10.2687849955424	10.2687849955424	1	0.25
10.2289197417218	10.2289197417218	1	0.26
10.1890809601104	10.1890809601104	1	0.27
10.1492687370753	10.1492687370753	1	0.28
10.1094831592126	10.1094831592126	1	0.29
10.0697243133383	10.0697243133383	1	0.3
10.0299922864938	10.0299922864938	1	0.31
9.99028716594365	9.99028716594365	1	0.32
9.95060903917555	9.95060903917555	1	0.33
9.91095799389946	9.91095799389946	1	0.34
9.87133411804736	9.87133411804736	1	0.35
9.83173749977256	9.83173749977256	1	0.36
9.7921682274493	9.7921682274493	1	0.37
9.75262638967213	9.75262638967213	1	0.38
9.7131120752554	9.7131120752554	1	0.39
9.67362537323262	9.67362537323262	1	0.4
9.63416637285595	9.63416637285595	1	0.41
9.5947351635955	9.5947351635955	1	0.42
9.5553318351388	9.5553318351388	1	0.43
9.51595647739006	9.51595647739006	1	0.44
9.47660918046963	9.47660918046963	1	0.45
9.43729003471316	9.43729003471316	1	0.46
9.39799913067111	9.39799913067111	1	0.47
9.35873655910787	9.35873655910787	1	0.48
9.31950241100113	9.31950241100113	1	0.49
9.28029677754108	9.28029677754108	1	0.5
9.24111975012972	9.24111975012972	1	0.51
9.20197142038	9.20197142038	1	0.52
9.16285188011511	9.16285188011511	1	0.53
9.12376122136757	9.12376122136757	1	0.54
9.08469953637847	9.08469953637847	1	0.55
9.04566691759661	9.04566691759661	1	0.56
9.0066634576749	9.0066634576749	1	0.57
8.96768924948031	8.96768924948031	1	0.58
8.92874438607673	8.92874438607673	1	0.59
8.88982896073489	8.88982896073489	1	0.6
8.85094306692864	8.85094306692864	1	0.61
8.81208679833408	8.81208679833408	1	0.62
8.77326024882853	8.77326024882853	1	0.63
8.73446351248952	8.73446351248952	1	0.64
8.69569668359377	8.69569668359377	1	0.65
8.65695985661621	8.65695985661621	1	0.66
8.61825312622883	8.61825312622883	1	0.67
8.57957658729966	8.57957658729966	1	0.68
8.54093033489165	8.54093033489165	1	0.69
8.50231446426155	8.50231446426155	1	0.7
8.46372907085878	8.46372907085878	1	0.71
8.42517425032426	8.42517425032426	1	0.72
8.38665009848921	8.38665009848921	1	0.73
8.34815671137398	8.34815671137398	1	0.74
8.30969418518681	8.30969418518681	1	0.75
8.27126261632259	8.27126261632259	1	0.76
8.23286210136159	8.23286210136159	1	0.77
8.19449273706817	8.19449273706817	1	0.78
8.15615462038945	8.15615462038945	1	0.79
8.11784784845403	8.11784784845403	1	0.8
8.07957251857062	8.07957251857062	1	0.81
8.04132872822663	8.04132872822663	1	0.82
8.0031165750868	8.0031165750868	1	0.83
7.96493615699182	7.96493615699182	1	0.84
7.92678757195676	7.92678757195676	1	0.85
7.88867091816978	7.88867091816978	1	0.86
7.85058629399053	7.85058629399053	1	0.87
7.81253379794866	7.81253379794866	1	0.88
7.77451352874231	7.77451352874231	1	0.89
7.73652558523653	7.73652558523653	1	0.9
7.69857006646172	7.69857006646172	1	0.91
7.66064707161203	7.66064707161203	1	0.92
7.6227567000437	7.6227567000437	1	0.93
7.58489905127348	7.58489905127348	1	0.94
7.54707422497688	7.54707422497688	1	0.95
7.50928232098652	7.50928232098652	1	0.96
7.47152343929043	7.47152343929043	1	0.97
7.43379768003214	7.43379768003214	1	0.98
7.39610514350134	7.39610514350134	1	0.99
7.35844593014353	7.35844593014353	1	1
