prev_abs	prev_abs_noI2	prev_rel	p1
9.14403446450141	9.14403446450141	1	0
9.06770043360552	9.06770043360552	1	0.01
8.99190785327595	8.99190785327595	1	0.02
8.91665617319634	8.91665617319634	1	0.03
8.84194476908251	8.84194476908251	1	0.04
8.76777294311049	8.76777294311049	1	0.05
8.69413992439649	8.69413992439649	1	0.06
8.62104486952328	8.62104486952328	1	0.07
8.54848686311766	8.54848686311766	1	0.08
8.47646491846867	8.47646491846867	1	0.09
8.40497797819763	8.40497797819763	1	0.1
8.33402491496995	8.33402491496995	1	0.11
8.26360453225114	8.26360453225114	1	0.12
8.19371556510426	8.19371556510426	1	0.13
8.12435668103431	8.12435668103431	1	0.14
8.05552648086121	8.05552648086121	1	0.15
7.98722349964287	7.98722349964287	1	0.16
7.91944620762975	7.91944620762975	1	0.17
7.85219301125677	7.85219301125677	1	0.18
7.78546225416916	7.78546225416916	1	0.19
7.71925221828172	7.71925221828172	1	0.2
7.65356112486917	7.65356112486917	1	0.21
7.58838713568653	7.58838713568653	1	0.22
7.52372835411773	7.52372835411773	1	0.23
7.45958282635096	7.45958282635096	1	0.24
7.39594854257904	7.39594854257904	1	0.25
7.33282343822125	7.33282343822125	1	0.26
7.27020539517722	7.27020539517722	1	0.27
7.20809224308046	7.20809224308046	1	0.28
7.14648176059098	7.14648176059098	1	0.29
7.08537167669458	7.08537167669458	1	0.3
7.02475967201934	7.02475967201934	1	0.31
6.96464338016586	6.96464338016586	1	0.32
6.90502038904947	6.90502038904947	1	0.33
6.8458882422528	6.8458882422528	1	0.34
6.78724444038727	6.78724444038727	1	0.35
6.72908644246177	6.72908644246177	1	0.36
6.67141166725711	6.67141166725711	1	0.37
6.61421749470461	6.61421749470461	1	0.38
6.55750126726744	6.55750126726744	1	0.39
6.50126029132326	6.50126029132326	1	0.4
6.44549183854657	6.44549183854657	1	0.41
6.39019314728961	6.39019314728961	1	0.42
6.3353614239603	6.3353614239603	1	0.43
6.28099384439593	6.28099384439593	1	0.44
6.22708755523134	6.22708755523134	1	0.45
6.17363967526035	6.17363967526035	1	0.46
6.12064729678931	6.12064729678931	1	0.47
6.06810748698142	6.06810748698142	1	0.48
6.0160172891918	6.0160172891918	1	0.49
5.96437372428696	5.96437372428696	1	0.5
5.91317379196068	5.91317379196068	1	0.51
5.8624144720278	5.8624144720278	1	0.52
5.81209272570837	5.81209272570837	1	0.53
5.76220549689575	5.76220549689575	1	0.54
5.71274971340883	5.71274971340883	1	0.55
5.66372228822762	5.66372228822762	1	0.56
5.61512012071138	5.61512012071138	1	0.57
5.56694009779867	5.56694009779867	1	0.58
5.5191790951853	5.5191790951853	1	0.59
5.47183397849948	5.47183397849948	1	0.6
5.42490160442401	5.42490160442401	1	0.61
5.3783788218311	5.3783788218311	1	0.62
5.33226247287977	5.33226247287976	1	0.63
5.2865493940952	5.2865493940952	1	0.64
5.24123641742651	5.24123641742651	1	0.65
5.19632037128233	5.19632037128233	1	0.66
5.15179808154418	5.15179808154418	1	0.67
5.10766637255715	5.10766637255715	1	0.68
5.06392206809997	5.06392206809997	1	0.69
5.02056199232135	5.02056199232135	1	0.7
4.60780154964772	4.97758297067453	0.920534725533318	0.71
3.99790816669725	4.93498183080714	0.798691796355558	0.72
3.38801478373611	4.8927554034385	0.676848867176094	0.73
2.77812140079003	4.85090052321127	0.555005937999136	0.74
2.16822801784414	4.80941402951975	0.433163008822213	0.75
1.55833463489852	4.76829276731467	0.311320079645342	0.76
0.948441251965122	4.7275335878847	0.1894771504708	0.77
0.338547869020092	4.6871333496146	0.0676342212941279	0.78
1.02848033885472e-45	4.64708891872016	2.05467153097427e-46	0.79
4.06329572822807e-139	4.60739716996005	8.11754754982054e-140	0.8
3.2568085293405e-233	4.5680549873247	6.50636819613041e-234	0.81
6.26969304572542e-321	4.52905926470238	1.24998608397835e-321	0.82
5.6669329577991e-321	4.4904069065227	1.13141032897645e-321	0.83
3.66596709214205e-321	4.45209482837767	7.31217155845045e-322	0.84
4.25884586715155e-321	4.41411995762059	8.49792910846944e-322	0.85
3.3695277046373e-321	4.37647923394299	6.71929278344095e-322	0.86
2.77664892962781e-321	4.33916960992991	5.53353523342196e-322	0.87
2.33198984837068e-321	4.30218805159374	4.64421707090772e-322	0.88
2.85075877650399e-321	4.26553153888693	5.68175492717434e-322	0.89
2.55431938899924e-321	4.22919706619388	5.08887615216484e-322	0.9
2.2578800014945e-321	4.19318164280233	4.49599737715534e-322	0.91
2.10966030774212e-321	4.15748229335451	4.1995579896506e-322	0.92
1.96144061398975e-321	4.12209605827848	3.90311860214585e-322	0.93
1.81322092023737e-321	4.08701999419989	3.6066792146411e-322	0.94
1.665001226485e-321	4.0522511743346	3.31023982713635e-322	0.95
1.51184087627421e-321	4.01778668886252	3.0138004396316e-322	0.96
1.51678153273263e-321	3.98362364528288	3.0138004396316e-322	0.97
1.36362118252184e-321	3.94975916875151	2.71736105212686e-322	0.98
1.36856183898025e-321	3.91619040240039	2.71736105212686e-322	0.99
1.22034214522788e-321	3.88291450763984	2.42092166462211e-322	1
