prev_abs	prev_abs_noI2	prev_rel	p1
11.2737718237678	11.2737718237678	1	0
11.1086958876732	11.1086958876732	1	0.01
10.9462166619967	10.9462166619967	1	0.02
10.7863158139695	10.7863158139695	1	0.03
10.6289738230955	10.6289738230955	1	0.04
10.4741700303411	10.4741700303411	1	0.05
10.3218826892534	10.3218826892534	1	0.06
10.1720890187428	10.1720890187428	1	0.07
10.0247652572434	10.0247652572434	1	0.08
9.87988671798706	9.87988671798706	1	0.09
9.73742784509905	9.73742784509905	1	0.1
9.5973622702782	9.5973622702782	1	0.11
9.45966286978394	9.45966286978394	1	0.12
9.32430182149143	9.32430182149143	1	0.13
9.19125066177761	9.19125066177761	1	0.14
9.06048034201498	9.06048034201498	1	0.15
8.93196128446106	8.93196128446106	1	0.16
8.80566343736301	8.80566343736301	1	0.17
8.68155632906086	8.68155632906086	1	0.18
8.55960912097377	8.55960912097377	1	0.19
8.43979065928412	8.43979065928412	1	0.2
8.32206952520145	8.32206952520145	1	0.21
8.20641408368711	8.20641408368711	1	0.22
8.09279253053838	8.09279253053838	1	0.23
7.98117293774618	7.98117293774618	1	0.24
7.87152329705525	7.87152329705525	1	0.25
7.76381156166984	7.76381156166984	1	0.26
7.65800568606147	7.65800568606147	1	0.27
7.55407366384801	7.55407366384801	1	0.28
7.45198356372554	7.45198356372554	1	0.29
7.35170356344616	7.35170356344616	1	0.3
7.25320198184002	7.25320198184002	1	0.31
7.15644730890516	7.15644730890517	1	0.32
7.0614082339708	7.0614082339708	1	0.33
6.96805367197397	6.96805367197397	1	0.34
6.87635278788044	6.87635278788044	1	0.35
6.78627501928815	6.78627501928815	1	0.36
6.69779009728282	6.69779009728282	1	0.37
6.61086806553974	6.61086806553974	1	0.38
6.52547929780288	6.52547929780288	1	0.39
6.44159451374239	6.44159451374239	1	0.4
6.35918479327364	6.35918479327364	1	0.41
6.27822158939661	6.27822158939661	1	0.42
6.19867673962181	6.19867673962181	1	0.43
5.37413821390444	6.12052247603286	0.870810896729693	0.44
4.15359743027466	6.04373143408679	0.673037752091301	0.45
2.93305664665401	5.96827666016904	0.475264607453765	0.46
1.71251586303294	5.89413161800394	0.277491462816163	0.47
0.491975079415781	5.82127019397	0.0797183181791453	0.48
1.09028270174098e-67	5.74966670138562	1.76666475517044e-68	0.49
1.85485533349711e-175	5.67929588382678	3.00555767636465e-176	0.5
7.55092031682446e-280	5.61013291753723	1.22353081191826e-280	0.51
5.16298599904103e-321	5.54215341298972	8.34970941471707e-322	0.52
5.25191781529245e-321	5.47533341565531	8.49792910846944e-322	0.53
3.78948350360236e-321	5.409649406036	6.12641400843146e-322	0.54
3.05826634775732e-321	5.34507829901349	4.94065645841247e-322	0.55
3.51774739838968e-321	5.28159744256547	5.68175492717434e-322	0.56
2.96933453150589e-321	5.21918461589821	4.79243676466009e-322	0.57
2.60372595358337e-321	5.15781802704244	4.1995579896506e-322	0.58
2.42092166462211e-321	5.09747630995715	3.90311860214585e-322	0.59
2.05531308669959e-321	5.03813852118406	3.31023982713635e-322	0.6
1.87250879773832e-321	4.97978413609293	3.0138004396316e-322	0.61
1.68970450877706e-321	4.92239304475652	2.71736105212686e-322	0.62
1.68970450877706e-321	4.86594554749092	2.71736105212686e-322	0.63
1.5069002198158e-321	4.81042235009612	2.42092166462211e-322	0.64
1.5069002198158e-321	4.75580455882855	2.42092166462211e-322	0.65
1.32409593085454e-321	4.70207367513643	2.12448227711736e-322	0.66
1.32409593085454e-321	4.64921159018605	2.12448227711736e-322	0.67
1.14129164189328e-321	4.59720057920599	1.82804288961261e-322	0.68
1.14129164189328e-321	4.54602329567398	1.82804288961261e-322	0.69
1.14129164189328e-321	4.49566276536994	1.82804288961261e-322	0.7
1.14129164189328e-321	4.44610238031673	1.82804288961261e-322	0.71
9.58487352932018e-322	4.39732589262887	1.53160350210786e-322	0.72
9.58487352932018e-322	4.34931740828797	1.53160350210786e-322	0.73
9.53546696473606e-322	4.30206138086213	1.53160350210786e-322	0.74
9.58487352932018e-322	4.25554260518539	1.53160350210786e-322	0.75
9.58487352932018e-322	4.20974621101201	1.53160350210786e-322	0.76
7.70742407512345e-322	4.16465765665908	1.23516411460312e-322	0.77
7.70742407512345e-322	4.12026272265006	1.23516411460312e-322	0.78
7.75683063970757e-322	4.07654750537049	1.23516411460312e-322	0.79
7.70742407512345e-322	4.03349841074651	1.23516411460312e-322	0.8
7.70742407512345e-322	3.99110214795545	1.23516411460312e-322	0.81
7.75683063970757e-322	3.94934572317716	1.23516411460312e-322	0.82
7.75683063970757e-322	3.90821643339418	1.23516411460312e-322	0.83
7.75683063970757e-322	3.86770186024709	1.23516411460312e-322	0.84
7.70742407512345e-322	3.82778986395211	1.23516411460312e-322	0.85
5.92878775009496e-322	3.78846857728593	9.38724727098368e-323	0.86
5.87938118551083e-322	3.74972639964319	9.38724727098368e-323	0.87
5.87938118551083e-322	3.71155199117017	9.38724727098368e-323	0.88
5.87938118551083e-322	3.67393426698274	9.38724727098368e-323	0.89
5.87938118551083e-322	3.63686239146145	9.38724727098368e-323	0.9
5.87938118551083e-322	3.60032577264076	9.38724727098368e-323	0.91
5.87938118551083e-322	3.56431405668426	9.38724727098368e-323	0.92
5.87938118551083e-322	3.52881712245227	9.38724727098368e-323	0.93
5.82997462092671e-322	3.49382507616273	9.38724727098368e-323	0.94
5.82997462092671e-322	3.4593282461476	9.38724727098368e-323	0.95
5.82997462092671e-322	3.4253171777012	9.38724727098368e-323	0.96
5.82997462092671e-322	3.39178262803276	9.38724727098368e-323	0.97
5.82997462092671e-322	3.35871556130838	9.38724727098368e-323	0.98
5.82997462092671e-322	3.32610714379419	9.38724727098368e-323	0.99
5.82997462092671e-322	3.29394873909615	9.38724727098368e-323	1
