prev_abs	prev_abs_noI2	prev_rel	p1
11.2737718237678	11.2737718237678	1	0
11.1796505419701	11.1796505419701	1	0.01
11.0861970224588	11.0861970224588	1	0.02
10.9934105846513	10.9934105846513	1	0.03
10.9012904567326	10.9012904567326	1	0.04
10.8098357761848	10.8098357761848	1	0.05
10.7190455903801	10.7190455903801	1	0.06
10.6289188572316	10.6289188572316	1	0.07
10.539454445907	10.539454445907	1	0.08
10.4506511375921	10.4506511375921	1	0.09
10.3625076263185	10.3625076263185	1	0.1
10.2750225198433	10.2750225198433	1	0.11
10.1881943405823	10.1881943405823	1	0.12
10.1020215265954	10.1020215265954	1	0.13
10.0165024326288	10.0165024326288	1	0.14
9.93163533119322	9.93163533119322	1	0.15
9.84741841370361	9.84741841370361	1	0.16
9.76384979165781	9.76384979165781	1	0.17
9.68092749786084	9.68092749786084	1	0.18
9.59864948769167	9.59864948769167	1	0.19
9.51701364041055	9.51701364041055	1	0.2
9.43601776050509	9.43601776050509	1	0.21
9.35565957907315	9.35565957907315	1	0.22
9.27593675524059	9.27593675524059	1	0.23
9.19684687761184	9.19684687761184	1	0.24
9.11838746575151	9.11838746575151	1	0.25
9.04055597169228	9.04055597169228	1	0.26
8.96334978148229	8.96334978148229	1	0.27
8.88676621673215	8.88676621673215	1	0.28
8.81080253621006	8.81080253621006	1	0.29
8.73545593744507	8.73545593744507	1	0.3
8.66072355835167	8.66072355835167	1	0.31
8.58660247887112	8.58660247887112	1	0.32
8.51308972262759	8.51308972262759	1	0.33
8.44018225859712	8.44018225859712	1	0.34
8.36787700278732	8.36787700278732	1	0.35
8.29617081992618	8.29617081992618	1	0.36
8.22506052515765	8.22506052515765	1	0.37
8.15454288574257	8.15454288574257	1	0.38
8.08461462276277	8.08461462276277	1	0.39
8.01527241282677	8.01527241282677	1	0.4
7.94651288977518	7.94651288977518	1	0.41
7.87833264638403	7.87833264638403	1	0.42
7.81072823606474	7.81072823606474	1	0.43
7.74369617455853	7.74369617455853	1	0.44
7.67723294162418	7.67723294162418	1	0.45
7.6113349827173	7.6113349827173	1	0.46
7.54599871065986	7.54599871065986	1	0.47
7.4812205072984	7.4812205072984	1	0.48
7.4169967251507	7.4169967251507	1	0.49
7.35332368903324	7.35332368903324	1	0.5
7.29019769768404	7.29019769768404	1	0.51
7.22761502535849	7.22761502535849	1	0.52
7.16557192341301	7.16557192341301	1	0.53
7.104064621869	7.104064621869	1	0.54
7.04308933095721	7.04308933095721	1	0.55
6.98264224264141	6.98264224264141	1	0.56
6.52518888172726	6.9227195321207	0.938175520561303	0.57
5.73322066011294	6.8633173593093	0.824308288202854	0.58
4.94125243845515	6.80443187028925	0.710441055838355	0.59
4.14928421681688	6.74605919875942	0.596573823475904	0.6
3.35731599517841	6.68819546741939	0.482706591113419	0.61
2.56534777354034	6.63083678936869	0.368839358750996	0.62
1.7733795519019	6.57397926945999	0.254972126388515	0.63
0.981411330260012	6.51761900563003	0.141104894025483	0.64
0.189443108649274	6.46175209020376	0.0272376616670049	0.65
4.04100469760116e-73	6.40637461117124	5.81005661979252e-74	0.66
1.85604363579017e-161	6.35148265343707	2.66857363940613e-162	0.67
1.12278355479098e-250	6.29707230004186	1.61431042853755e-251	0.68
8.17678643867263e-321	6.24313963335813	1.17587623710217e-321	0.69
5.52859457696355e-321	6.18968073624486	7.95445689804407e-322	0.7
5.06911352633119e-321	6.13669169319945	7.31217155845045e-322	0.71
3.97228779256362e-321	6.08416859145493	5.73116149175846e-322	0.72
3.51774739838968e-321	6.03210752206136	5.03946958758071e-322	0.73
2.87546205879605e-321	5.98050458093581	4.15015142506647e-322	0.74
3.05826634775732e-321	5.92935586988331	4.39718424798709e-322	0.75
2.42092166462211e-321	5.87865749758906	3.45845952088873e-322	0.76
2.60372595358337e-321	5.82840558058166	3.75489890839347e-322	0.77
1.77863632502849e-321	5.7785962441677	2.56914135837448e-322	0.78
1.96144061398975e-321	5.72922562333765	2.81617418129511e-322	0.79
1.96144061398975e-321	5.68028986364322	2.81617418129511e-322	0.8
1.59583203606723e-321	5.63178512204652	2.27270197086973e-322	0.81
1.32409593085454e-321	5.58370756774095	1.92685601878086e-322	0.82
1.32409593085454e-321	5.53605338294434	1.92685601878086e-322	0.83
1.5069002198158e-321	5.48881876366434	2.17388884170148e-322	0.84
1.5069002198158e-321	5.4419999204365	2.17388884170148e-322	0.85
1.5069002198158e-321	5.39559307903533	2.17388884170148e-322	0.86
1.32409593085454e-321	5.34959448115853	1.92685601878086e-322	0.87
1.32409593085454e-321	5.30400038508484	1.92685601878086e-322	0.88
9.53546696473606e-322	5.25880706630586	1.38338380835549e-322	0.89
9.58487352932018e-322	5.21401081813215	1.38338380835549e-322	0.9
9.58487352932018e-322	5.16960795227406	1.38338380835549e-322	0.91
7.75683063970757e-322	5.12559479939759	1.13635098543487e-322	0.92
7.75683063970757e-322	5.08196770965583	1.13635098543487e-322	0.93
7.70742407512345e-322	5.03872305319629	1.08694442085074e-322	0.94
6.76869934802508e-322	4.99585722064457	9.88131291682493e-323	0.95
8.64614880222181e-322	4.95336662356485	1.23516411460312e-322	0.96
1.04741916918344e-321	4.91124769489759	1.48219693752374e-322	0.97
1.04741916918344e-321	4.86949688937502	1.48219693752374e-322	0.98
1.04247851272503e-321	4.82811068391461	1.48219693752374e-322	0.99
8.64614880222181e-322	4.78708557799137	1.23516411460312e-322	1
