prev_abs	prev_abs_noI2	prev_rel	p1
11.2737718237678	11.2737718237678	1	0
11.2153595534177	11.2153595534177	1	0.01
11.1571089527426	11.1571089527426	1	0.02
11.0990203265009	11.0990203265009	1	0.03
11.0410939747526	11.0410939747526	1	0.04
10.9833301928096	10.9833301928096	1	0.05
10.9257292711903	10.9257292711903	1	0.06
10.8682914955699	10.8682914955699	1	0.07
10.8110171467354	10.8110171467354	1	0.08
10.7539065005394	10.7539065005394	1	0.09
10.696959827854	10.696959827854	1	0.1
10.6401773945292	10.6401773945292	1	0.11
10.5835594613443	10.5835594613443	1	0.12
10.5271062839677	10.5271062839677	1	0.13
10.4708181129136	10.4708181129136	1	0.14
10.4146951935001	10.4146951935001	1	0.15
10.358737765808	10.358737765808	1	0.16
10.3029460646402	10.3029460646402	1	0.17
10.2473203194824	10.2473203194824	1	0.18
10.1918607544642	10.1918607544642	1	0.19
10.1365675883193	10.1365675883193	1	0.2
10.081441034354	10.081441034354	1	0.21
10.0264813004025	10.0264813004025	1	0.22
9.97168858879643	9.97168858879643	1	0.23
9.91706309632919	9.91706309632919	1	0.24
9.86260501422172	9.86260501422172	1	0.25
9.80831452808946	9.80831452808946	1	0.26
9.75419181791031	9.75419181791031	1	0.27
9.70023705799328	9.70023705799328	1	0.28
9.6464504169482	9.6464504169482	1	0.29
9.59283205765625	9.59283205765625	1	0.3
9.53938213724148	9.53938213724148	1	0.31
9.48610080704335	9.48610080704335	1	0.32
9.43298821259003	9.43298821259003	1	0.33
9.38004449357291	9.38004449357291	1	0.34
9.32726978382187	9.32726978382188	1	0.35
9.27466421128177	9.27466421128177	1	0.36
9.22222789798965	9.22222789798965	1	0.37
9.16996096005326	9.16996096005326	1	0.38
9.11786350763037	9.11786350763037	1	0.39
9.0659356449092	9.0659356449092	1	0.4
9.01417747008725	9.01417747008725	1	0.41
8.96258907536432	8.96258907536432	1	0.42
8.91117054691028	8.91117054691028	1	0.43
8.85992196486016	8.85992196486016	1	0.44
8.80884340329725	8.80884340329725	1	0.45
8.7579349302398	8.7579349302398	1	0.46
8.70719660762878	8.70719660762878	1	0.47
8.65662849131689	8.65662849131689	1	0.48
8.60623063105841	8.60623063105841	1	0.49
8.55600307050035	8.55600307050035	1	0.5
8.50594584717454	8.50594584717454	1	0.51
8.45605899249095	8.45605899249095	1	0.52
8.40634253173198	8.40634253173198	1	0.53
8.35679648404793	8.35679648404793	1	0.54
8.30742086245357	8.30742086245357	1	0.55
8.25821567382574	8.25821567382574	1	0.56
8.20918091890221	8.20918091890221	1	0.57
8.16031659228144	8.16031659228144	1	0.58
8.11162268242363	8.11162268242363	1	0.59
8.06309917165275	8.06309917165275	1	0.6
8.01474603615976	8.01474603615976	1	0.61
7.96656324600689	7.96656324600689	1	0.62
7.91855076513294	7.91855076513294	1	0.63
7.87070855135992	7.87070855135992	1	0.64
7.82303655640053	7.82303655640053	1	0.65
7.77553472586684	7.77553472586684	1	0.66
7.72820299928009	7.72820299928009	1	0.67
7.68104131008151	7.68104131008151	1	0.68
7.63404958564428	7.63404958564428	1	0.69
7.58722774728648	7.58722774728648	1	0.7
7.54057571028525	7.54057571028525	1	0.71
7.49409338389186	7.49409338389186	1	0.72
7.44778067134795	7.44778067134795	1	0.73
7.40163746990419	7.40163746990419	1	0.74
7.35566367083282	7.35566367083282	1	0.75
7.30985915945572	7.30985915945572	1	0.76
7.26422381515884	7.26422381515884	1	0.77
7.21875751141516	7.21875751141516	1	0.78
7.173460115807	7.173460115807	1	0.79
7.12833149004949	7.12833149004949	1	0.8
7.08337149001488	7.08337149001488	1	0.81
7.03857996575796	7.03857996575796	1	0.82
6.99395676154243	6.99395676154243	1	0.83
6.94950171586813	6.94950171586813	1	0.84
6.90521466149936	6.90521466149936	1	0.85
6.86109542549406	6.86109542549406	1	0.86
6.81714382923393	6.81714382923393	1	0.87
6.77335968845103	6.77335968845103	1	0.88
6.72974281327751	6.72974281327751	1	0.89
6.68629300825174	6.68629300825174	1	0.9
6.64301007236985	6.64301007236985	1	0.91
6.59989379911584	6.59989379911584	1	0.92
6.55694397649701	6.55694397649701	1	0.93
6.51416038708021	6.51416038708021	1	0.94
6.47154280802894	6.47154280802894	1	0.95
6.42909101114128	6.42909101114128	1	0.96
6.38680476288847	6.38680476288847	1	0.97
6.34468382445451	6.34468382445451	1	0.98
6.3027279517763	6.3027279517763	1	0.99
6.26093689558755	6.26093689558755	1	1
