prev_abs	prev_abs_noI2	prev_rel	p1
7.01283417545106	7.01283417545106	1	0
6.95429647761071	6.95429647761071	1	0.01
6.89617390846862	6.89617390846862	1	0.02
6.83846604727181	6.83846604727181	1	0.03
6.78117241656193	6.78117241656193	1	0.04
6.72429248250261	6.72429248250261	1	0.05
6.66782565524661	6.66782565524661	1	0.06
6.61177128933848	6.61177128933848	1	0.07
6.55612868415651	6.55612868415651	1	0.08
6.50089708438579	6.50089708438579	1	0.09
6.44607568053109	6.44607568053109	1	0.1
6.39166360946172	6.39166360946172	1	0.11
6.33765995499038	6.33765995499038	1	0.12
6.28406374848362	6.28406374848362	1	0.13
6.23087396950846	6.23087396950846	1	0.14
6.17808954650082	6.17808954650082	1	0.15
6.12570935747245	6.12570935747245	1	0.16
6.07373223074202	6.07373223074202	1	0.17
6.02215694569466	6.02215694569466	1	0.18
5.97098223356791	5.97098223356791	1	0.19
5.92020677826288	5.92020677826288	1	0.2
5.86982921717958	5.86982921717958	1	0.21
5.81984814207516	5.81984814207516	1	0.22
5.7702620999438	5.7702620999438	1	0.23
5.72106959391715	5.72106959391715	1	0.24
5.672269084184	5.672269084184	1	0.25
5.62385898892633	5.62385898892633	1	0.26
5.57583768528009	5.57583768528009	1	0.27
5.52820351029561	5.52820351029561	1	0.28
5.4809547619281	5.4809547619281	1	0.29
5.43408970003315	5.43408970003315	1	0.3
5.38760654737564	5.38760654737564	1	0.31
5.34150349064901	5.34150349064901	1	0.32
5.29577868150387	5.29577868150387	1	0.33
5.25043023758453	5.25043023758453	1	0.34
5.2054562435724	5.2054562435724	1	0.35
5.1608547522349	5.1608547522349	1	0.36
5.11662378547886	5.11662378547886	1	0.37
5.07276133540708	5.07276133540708	1	0.38
5.02926536537711	5.02926536537711	1	0.39
4.9861338110609	4.9861338110609	1	0.4
4.94336458150439	4.94336458150439	1	0.41
4.90095556018598	4.90095556018598	1	0.42
4.85890460607268	4.85890460607268	1	0.43
4.81720955467312	4.81720955467312	1	0.44
4.77586821908634	4.77586821908634	1	0.45
4.73487839104542	4.73487839104542	1	0.46
4.69423784195501	4.69423784195501	1	0.47
4.65394432392197	4.65394432392197	1	0.48
4.61399557077881	4.61399557077881	1	0.49
4.57438929909529	4.57438929909529	1	0.5
4.5351232091871	4.5351232091871	1	0.51
4.49619498610796	4.49619498610796	1	0.52
4.45760230063397	4.45760230063397	1	0.53
4.41934281023597	4.41934281023597	1	0.54
4.3814141600396	4.3814141600396	1	0.55
4.34381398377263	4.34381398377263	1	0.56
4.306539904699	4.306539904699	1	0.57
4.26958953653892	4.26958953653892	1	0.58
4.23296048437216	4.23296048437216	1	0.59
4.19665034553909	4.19665034553909	1	0.6
4.16065671050117	4.16065671050117	1	0.61
4.12497716371124	4.12497716371124	1	0.62
4.08960928445492	4.08960928445493	1	0.63
4.05455064767849	4.05455064767849	1	0.64
4.01979882479986	4.01979882479986	1	0.65
3.98535138450293	3.98535138450293	1	0.66
3.9512058935146	3.9512058935146	1	0.67
3.91735991736469	3.91735991736469	1	0.68
3.88381102112976	3.88381102112976	1	0.69
3.8505567701514	3.8505567701514	1	0.7
3.53587477220033	3.81759473075288	0.921059252611911	0.71
3.06823584539499	3.78492247092171	0.799244089981783	0.72
2.60059691858235	3.75253756098256	0.677428927350119	0.73
2.13295799178103	3.72043757425044	0.555613764720891	0.74
1.66531906497984	3.68862008766607	0.433798602091692	0.75
1.19768013818157	3.65708268241319	0.311983439463196	0.76
0.73004121138789	3.62582294451806	0.190168276835899	0.77
0.262402284586828	3.59483846543103	0.0683531142068182	0.78
1.32035144094667e-58	3.56412684259027	3.43938060517066e-59	0.79
5.02331860578323e-180	3.53368567996795	1.30852317425119e-180	0.8
1.89567048681593e-303	3.50351258859861	4.93802794010438e-304	0.81
4.34283702694456e-321	3.47360518709026	1.13141032897645e-321	0.82
4.0019317313141e-321	3.44396110211801	1.04247851272503e-321	0.83
2.69759842629321e-321	3.41457796890055	7.0157321709457e-322	0.84
3.15213882046715e-321	3.38545343165973	8.20148972096469e-322	0.85
2.47032822920623e-321	3.35658514406311	6.42285339593621e-322	0.86
2.01578783503229e-321	3.32797076965008	5.23709584591721e-322	0.87
1.78851763794531e-321	3.2996079822415	4.64421707090772e-322	0.88
1.56124744085834e-321	3.27149446633306	4.05133829589822e-322	0.89
1.33397724377137e-321	3.24362791747283	3.45845952088873e-322	0.9
1.72922976044436e-321	3.21600604262289	4.49599737715534e-322	0.91
1.61559466190088e-321	3.18862656050565	4.1995579896506e-322	0.92
1.38338380835549e-321	3.16148720193482	3.6066792146411e-322	0.93
8.74496193139006e-322	3.13458571013147	2.27270197086973e-322	0.94
8.79436849597419e-322	3.10791984102536	2.27270197086973e-322	0.95
1.16105426772693e-321	3.08148736354185	3.0138004396316e-322	0.96
1.04247851272503e-321	3.05528605987465	2.71736105212686e-322	0.97
9.33784070639956e-322	3.02931372574472	2.42092166462211e-322	0.98
9.28843414181544e-322	3.00356817064556	2.42092166462211e-322	0.99
9.33784070639956e-322	2.97804721807521	2.42092166462211e-322	1
