p1	r1	r2	RDFE	RCEE
0	0	0.34	2.6	1.51515151514902
0.1	0	0.34	2.6	1.51515151514892
0.2	0	0.34	2.6	1.5151515151488
0.3	0	0.34	2.6	1.5151515151489
0.4	0	0.34	2.6	1.51515151514896
0.5	0	0.34	2.6	1.51515151514891
0.6	0	0.34	2.6	1.51515151514885
0.7	0	0.34	2.6	1.51515151514882
0.8	0	0.34	2.6	1.51515151514905
0.9	0	0.34	2.6	1.51515151514873
1	0	0.34	2.6	1.51515151514874
0	0.1	0.34	2.6	1.51515151514902
0.1	0.1	0.34	2.53647191292381	1.48957975101168
0.2	0.1	0.34	2.49569022185703	1.47028319598587
0.3	0.1	0.34	2.4672933182333	1.4552044250298
0.4	0.1	0.34	2.44638330055967	1.4430968136924
0.5	0.1	0.34	2.43034413631808	1.43316095338783
0.6	0.1	0.34	2.41765142446732	1.42486061333035
0.7	0.1	0.34	2.4073567828302	1.41782267362566
0.8	0.1	0.34	2.3988392591859	1.41177948928628
0.9	0.1	0.34	2.39167525185759	1.40653408024036
1	0.1	0.34	2.38556587837838	1.40193825377505
0	0.2	0.34	2.6	1.51515151514902
0.1	0.2	0.34	2.47294382584762	1.46400798687443
0.2	0.2	0.34	2.39138044371405	1.42541487682295
0.3	0.2	0.34	2.33458663646659	1.3952573349107
0.4	0.2	0.34	2.29276660111935	1.37104211223584
0.5	0.2	0.34	2.26068827263615	1.35117039162675
0.6	0.2	0.34	2.23530284893464	1.33456971151186
0.7	0.2	0.34	2.2147135656604	1.32049383210251
0.8	0.2	0.34	2.19767851837179	1.30840746342351
0.9	0.2	0.34	2.18335050371518	1.297916645332
1	0.2	0.34	2.17113175675676	1.28872499240136
0	0.3	0.34	2.6	1.51515151514902
0.1	0.3	0.34	2.40941573877143	1.43843622273718
0.2	0.3	0.34	2.28707066557108	1.38054655766002
0.3	0.3	0.34	2.20187995469989	1.33531024479161
0.4	0.3	0.34	2.13914990167902	1.29898741077928
0.5	0.3	0.34	2.09103240895423	1.26917982986568
0.6	0.3	0.34	2.05295427340196	1.24427880969337
0.7	0.3	0.34	2.0220703484906	1.22316499057935
0.8	0.3	0.34	1.99651777755769	1.20503543756073
0.9	0.3	0.34	1.97502575557278	1.18929921042364
1	0.3	0.34	1.95669763513514	1.17551173102766
0	0.4	0.34	2.6	1.51515151514902
0.1	0.4	0.34	2.34588765169523	1.41286445859993
0.2	0.4	0.34	2.1827608874281	1.3356782384971
0.3	0.4	0.34	2.06917327293318	1.27536315467251
0.4	0.4	0.34	1.98553320223869	1.22693270932272
0.5	0.4	0.34	1.9213765452723	1.1871892681046
0.6	0.4	0.34	1.87060569786928	1.15398790787488
0.7	0.4	0.34	1.8294271313208	1.1258361490562
0.8	0.4	0.34	1.79535703674359	1.10166341169796
0.9	0.4	0.34	1.76670100743037	1.08068177551528
1	0.4	0.34	1.74226351351351	1.06229846965397
0	0.5	0.34	2.6	1.51515151514902
0.1	0.5	0.34	2.28235956461904	1.38729269446269
0.2	0.5	0.34	2.07845110928513	1.29080991933417
0.3	0.5	0.34	1.93646659116648	1.21541606455341
0.4	0.5	0.34	1.83191650279837	1.15487800786615
0.5	0.5	0.34	1.75172068159038	1.10519870634352
0.6	0.5	0.34	1.6882571223366	1.06369700605639
0.7	0.5	0.34	1.63678391415099	1.02850730753304
0.8	0.5	0.34	1.59419629592948	0.998291385835193
0.9	0.5	0.34	1.55837625928796	0.972064340606914
1	0.5	0.34	1.52782939189189	0.949085208280276
0	0.6	0.34	2.6	1.51515151514902
0.1	0.6	0.34	2.21883147754285	1.36172093032544
0.2	0.6	0.34	1.97414133114215	1.24594160017124
0.3	0.6	0.34	1.80375990939977	1.15546897443431
0.4	0.6	0.34	1.67829980335804	1.08282330640959
0.5	0.6	0.34	1.58206481790845	1.02320814458244
0.6	0.6	0.34	1.50590854680393	0.973406104237896
0.7	0.6	0.34	1.44414069698119	0.931178466009886
0.8	0.6	0.34	1.39303555511538	0.894919359972422
0.9	0.6	0.34	1.35005151114555	0.863446905698551
1	0.6	0.34	1.31339527027027	0.835871946906582
0	0.7	0.34	2.6	1.51515151514902
0.1	0.7	0.34	2.15530339046666	1.33614916618819
0.2	0.7	0.34	1.86983155299918	1.20107328100832
0.3	0.7	0.34	1.67105322763307	1.09552188431521
0.4	0.7	0.34	1.52468310391771	1.01076860495303
0.5	0.7	0.34	1.41240895422653	0.941217582821359
0.6	0.7	0.34	1.32355997127125	0.883115202419405
0.7	0.7	0.34	1.25149747981139	0.833849624486731
0.8	0.7	0.34	1.19187481430128	0.791547334109651
0.9	0.7	0.34	1.14172676300315	0.754829470790188
1	0.7	0.34	1.09896114864865	0.722658685532888
0	0.8	0.34	2.6	1.51515151514902
0.1	0.8	0.34	2.09177530339047	1.31057740205095
0.2	0.8	0.34	1.7655217748562	1.15620496184539
0.3	0.8	0.34	1.53834654586636	1.03557479419611
0.4	0.8	0.34	1.37106640447739	0.938713903496469
0.5	0.8	0.34	1.2427530905446	0.85922702106028
0.6	0.8	0.34	1.14121139573857	0.792824300600913
0.7	0.8	0.34	1.05885426264159	0.736520782963576
0.8	0.8	0.34	0.990714073487174	0.68817530824688
0.9	0.8	0.34	0.933402014860738	0.646212035881825
1	0.8	0.34	0.884527027027027	0.609445424159195
0	0.9	0.34	2.6	1.51515151514902
0.1	0.9	0.34	2.02824721631427	1.2850056379137
0.2	0.9	0.34	1.66121199671323	1.11133664268247
0.3	0.9	0.34	1.40563986409966	0.975627704077015
0.4	0.9	0.34	1.21744970503706	0.866659202039908
0.5	0.9	0.34	1.07309722686268	0.777236459299201
0.6	0.9	0.34	0.958862820205889	0.702533398782421
0.7	0.9	0.34	0.86621104547179	0.639191941440421
0.8	0.9	0.34	0.789553332673071	0.584803282384109
0.9	0.9	0.34	0.72507726671833	0.537594600973462
1	0.9	0.34	0.670092905405405	0.496232162785501
0	1	0.34	2.6	1.51515151514902
0.1	1	0.34	1.96471912923808	1.25943387377645
0.2	1	0.34	1.55690221857025	1.06646832351954
0.3	1	0.34	1.27293318233296	0.915680613957916
0.4	1	0.34	1.06383300559673	0.794604500583346
0.5	1	0.34	0.903441363180755	0.695245897538122
0.6	1	0.34	0.77651424467321	0.61224249696393
0.7	1	0.34	0.673567828301989	0.541863099917266
0.8	1	0.34	0.588392591858968	0.481431256521338
0.9	1	0.34	0.516752518575922	0.4289771660651
1	1	0.34	0.455658783783784	0.383018901411807
0	0	0.42	2.6	1.72413793103393
0.1	0	0.42	2.6	1.72413793103389
0.2	0	0.42	2.6	1.7241379310338
0.3	0	0.42	2.6	1.72413793103387
0.4	0	0.42	2.6	1.7241379310339
0.5	0	0.42	2.6	1.72413793103387
0.6	0	0.42	2.6	1.72413793103379
0.7	0	0.42	2.6	1.72413793103382
0.8	0	0.42	2.6	1.7241379310338
0.9	0	0.42	2.6	1.72413793103381
1	0	0.42	2.6	1.72413793103386
0	0.1	0.42	2.6	1.72413793103393
0.1	0.1	0.42	2.53647191292381	1.69232929060239
0.2	0.1	0.42	2.49569022185703	1.66911160187083
0.3	0.1	0.42	2.4672933182333	1.65141854753079
0.4	0.1	0.42	2.44638330055967	1.63748791175095
0.5	0.1	0.42	2.43034413631808	1.62623491859562
0.6	0.1	0.42	2.41765142446732	1.61695524341384
0.7	0.1	0.42	2.4073567828302	1.6091716687432
0.8	0.1	0.42	2.3988392591859	1.60254937537361
0.9	0.1	0.42	2.39167525185759	1.59684651618467
1	0.1	0.42	2.38556587837838	1.59188404049213
0	0.2	0.42	2.6	1.72413793103393
0.1	0.2	0.42	2.47294382584762	1.66052065017089
0.2	0.2	0.42	2.39138044371405	1.61408527270787
0.3	0.2	0.42	2.33458663646659	1.57869916402772
0.4	0.2	0.42	2.29276660111935	1.550837892468
0.5	0.2	0.42	2.26068827263615	1.52833190615738
0.6	0.2	0.42	2.23530284893464	1.50977255579388
0.7	0.2	0.42	2.2147135656604	1.49420540645259
0.8	0.2	0.42	2.19767851837179	1.48096081971343
0.9	0.2	0.42	2.18335050371518	1.46955510133552
1	0.2	0.42	2.17113175675676	1.45963014995039
0	0.3	0.42	2.6	1.72413793103393
0.1	0.3	0.42	2.40941573877143	1.62871200973939
0.2	0.3	0.42	2.28707066557108	1.5590589435449
0.3	0.3	0.42	2.20187995469989	1.50597978052464
0.4	0.3	0.42	2.13914990167902	1.46418787318505
0.5	0.3	0.42	2.09103240895423	1.43042889371914
0.6	0.3	0.42	2.05295427340196	1.40258986817393
0.7	0.3	0.42	2.0220703484906	1.37923914416197
0.8	0.3	0.42	1.99651777755769	1.35937226405324
0.9	0.3	0.42	1.97502575557278	1.34226368648638
1	0.3	0.42	1.95669763513514	1.32737625940865
0	0.4	0.42	2.6	1.72413793103393
0.1	0.4	0.42	2.34588765169523	1.59690336930789
0.2	0.4	0.42	2.1827608874281	1.50403261438193
0.3	0.4	0.42	2.06917327293318	1.43326039702156
0.4	0.4	0.42	1.98553320223869	1.37753785390211
0.5	0.4	0.42	1.9213765452723	1.3325258812809
0.6	0.4	0.42	1.87060569786928	1.29540718055397
0.7	0.4	0.42	1.8294271313208	1.26427288187136
0.8	0.4	0.42	1.79535703674359	1.23778370839305
0.9	0.4	0.42	1.76670100743037	1.21497227163724
1	0.4	0.42	1.74226351351351	1.19512236886691
0	0.5	0.42	2.6	1.72413793103393
0.1	0.5	0.42	2.28235956461904	1.56509472887639
0.2	0.5	0.42	2.07845110928513	1.44900628521897
0.3	0.5	0.42	1.93646659116648	1.36054101351849
0.4	0.5	0.42	1.83191650279837	1.29088783461916
0.5	0.5	0.42	1.75172068159038	1.23462286884265
0.6	0.5	0.42	1.6882571223366	1.18822449293402
0.7	0.5	0.42	1.63678391415099	1.14930661958074
0.8	0.5	0.42	1.59419629592948	1.11619515273287
0.9	0.5	0.42	1.55837625928796	1.08768085678809
1	0.5	0.42	1.52782939189189	1.06286847832517
0	0.6	0.42	2.6	1.72413793103393
0.1	0.6	0.42	2.21883147754285	1.53328608844488
0.2	0.6	0.42	1.97414133114215	1.393979956056
0.3	0.6	0.42	1.80375990939977	1.28782163001541
0.4	0.6	0.42	1.67829980335804	1.20423781533621
0.5	0.6	0.42	1.58206481790845	1.13671985640441
0.6	0.6	0.42	1.50590854680393	1.08104180531406
0.7	0.6	0.42	1.44414069698119	1.03434035729013
0.8	0.6	0.42	1.39303555511538	0.994606597072682
0.9	0.6	0.42	1.35005151114555	0.960389441938952
1	0.6	0.42	1.31339527027027	0.930614587783436
0	0.7	0.42	2.6	1.72413793103393
0.1	0.7	0.42	2.15530339046666	1.50147744801338
0.2	0.7	0.42	1.86983155299918	1.33895362689304
0.3	0.7	0.42	1.67105322763307	1.21510224651234
0.4	0.7	0.42	1.52468310391771	1.11758779605326
0.5	0.7	0.42	1.41240895422653	1.03881684396617
0.6	0.7	0.42	1.32355997127125	0.973859117694105
0.7	0.7	0.42	1.25149747981139	0.91937409499951
0.8	0.7	0.42	1.19187481430128	0.873018041412496
0.9	0.7	0.42	1.14172676300315	0.83309802708981
1	0.7	0.42	1.09896114864865	0.798360697241698
0	0.8	0.42	2.6	1.72413793103393
0.1	0.8	0.42	2.09177530339047	1.46966880758188
0.2	0.8	0.42	1.7655217748562	1.28392729773007
0.3	0.8	0.42	1.53834654586636	1.14238286300926
0.4	0.8	0.42	1.37106640447739	1.03093777677032
0.5	0.8	0.42	1.2427530905446	0.940913831527927
0.6	0.8	0.42	1.14121139573857	0.86667643007415
0.7	0.8	0.42	1.05885426264159	0.804407832708895
0.8	0.8	0.42	0.990714073487174	0.751429485752309
0.9	0.8	0.42	0.933402014860738	0.705806612240667
1	0.8	0.42	0.884527027027027	0.66610680669996
0	0.9	0.42	2.6	1.72413793103393
0.1	0.9	0.42	2.02824721631427	1.43786016715038
0.2	0.9	0.42	1.66121199671323	1.2289009685671
0.3	0.9	0.42	1.40563986409966	1.06966347950618
0.4	0.9	0.42	1.21744970503706	0.944287757487368
0.5	0.9	0.42	1.07309722686268	0.843010819089685
0.6	0.9	0.42	0.958862820205889	0.759493742454195
0.7	0.9	0.42	0.86621104547179	0.689441570418279
0.8	0.9	0.42	0.789553332673071	0.629840930092123
0.9	0.9	0.42	0.72507726671833	0.578515197391525
1	0.9	0.42	0.670092905405405	0.533852916158222
0	1	0.42	2.6	1.72413793103393
0.1	1	0.42	1.96471912923808	1.40605152671888
0.2	1	0.42	1.55690221857025	1.17387463940414
0.3	1	0.42	1.27293318233296	0.996944096003108
0.4	1	0.42	1.06383300559673	0.857637738204421
0.5	1	0.42	0.903441363180755	0.745107806651443
0.6	1	0.42	0.77651424467321	0.65231105483424
0.7	1	0.42	0.673567828301989	0.574475308127664
0.8	1	0.42	0.588392591858968	0.508252374431937
0.9	1	0.42	0.516752518575922	0.451223782542382
1	1	0.42	0.455658783783784	0.401599025616484
0	0	0.5	2.6	1.99999999999984
0.1	0	0.5	2.6	1.99999999999994
0.2	0	0.5	2.6	1.9999999999999
0.3	0	0.5	2.6	1.99999999999988
0.4	0	0.5	2.6	1.99999999999985
0.5	0	0.5	2.6	1.99999999999993
0.6	0	0.5	2.6	1.99999999999991
0.7	0	0.5	2.6	1.99999999999987
0.8	0	0.5	2.6	1.9999999999998
0.9	0	0.5	2.6	1.99999999999989
1	0	0.5	2.6	1.99999999999991
0	0.1	0.5	2.6	1.99999999999984
0.1	0.1	0.5	2.53647191292381	1.95913130252698
0.2	0.1	0.5	2.49569022185703	1.93053510511827
0.3	0.1	0.5	2.4672933182333	1.90940507570176
0.4	0.1	0.5	2.44638330055967	1.8931548438696
0.5	0.1	0.5	2.43034413631808	1.88026897705969
0.6	0.1	0.5	2.41765142446732	1.8698006742623
0.7	0.1	0.5	2.4073567828302	1.86112793178329
0.8	0.1	0.5	2.3988392591859	1.8538252683637
0.9	0.1	0.5	2.39167525185759	1.84759179273043
1	0.1	0.5	2.38556587837838	1.84220871102278
0	0.2	0.5	2.6	1.99999999999984
0.1	0.2	0.5	2.47294382584762	1.91826260505402
0.2	0.2	0.5	2.39138044371405	1.86107021023665
0.3	0.2	0.5	2.33458663646659	1.81881015140364
0.4	0.2	0.5	2.29276660111935	1.78630968773935
0.5	0.2	0.5	2.26068827263615	1.76053795411944
0.6	0.2	0.5	2.23530284893464	1.7396013485247
0.7	0.2	0.5	2.2147135656604	1.7222558635667
0.8	0.2	0.5	2.19767851837179	1.7076505367276
0.9	0.2	0.5	2.18335050371518	1.69518358546098
1	0.2	0.5	2.17113175675676	1.68441742204564
0	0.3	0.5	2.6	1.99999999999984
0.1	0.3	0.5	2.40941573877143	1.87739390758106
0.2	0.3	0.5	2.28707066557108	1.79160531535502
0.3	0.3	0.5	2.20187995469989	1.72821522710551
0.4	0.3	0.5	2.13914990167902	1.6794645316091
0.5	0.3	0.5	2.09103240895423	1.6408069311792
0.6	0.3	0.5	2.05295427340196	1.60940202278709
0.7	0.3	0.5	2.0220703484906	1.58338379535012
0.8	0.3	0.5	1.99651777755769	1.5614758050915
0.9	0.3	0.5	1.97502575557278	1.54277537819152
1	0.3	0.5	1.95669763513514	1.5266261330685
0	0.4	0.5	2.6	1.99999999999984
0.1	0.4	0.5	2.34588765169523	1.8365252101081
0.2	0.4	0.5	2.1827608874281	1.7221404204734
0.3	0.4	0.5	2.06917327293318	1.63762030280739
0.4	0.4	0.5	1.98553320223869	1.57261937547885
0.5	0.4	0.5	1.9213765452723	1.52107590823895
0.6	0.4	0.5	1.87060569786928	1.47920269704948
0.7	0.4	0.5	1.8294271313208	1.44451172713354
0.8	0.4	0.5	1.79535703674359	1.41530107345541
0.9	0.4	0.5	1.76670100743037	1.39036717092207
1	0.4	0.5	1.74226351351351	1.36883484409137
0	0.5	0.5	2.6	1.99999999999984
0.1	0.5	0.5	2.28235956461904	1.79565651263514
0.2	0.5	0.5	2.07845110928513	1.65267552559177
0.3	0.5	0.5	1.93646659116648	1.54702537850927
0.4	0.5	0.5	1.83191650279837	1.4657742193486
0.5	0.5	0.5	1.75172068159038	1.40134488529871
0.6	0.5	0.5	1.6882571223366	1.34900337131187
0.7	0.5	0.5	1.63678391415099	1.30563965891696
0.8	0.5	0.5	1.59419629592948	1.26912634181931
0.9	0.5	0.5	1.55837625928796	1.23795896365261
1	0.5	0.5	1.52782939189189	1.21104355511423
0	0.6	0.5	2.6	1.99999999999984
0.1	0.6	0.5	2.21883147754285	1.75478781516219
0.2	0.6	0.5	1.97414133114215	1.58321063071015
0.3	0.6	0.5	1.80375990939977	1.45643045421114
0.4	0.6	0.5	1.67829980335804	1.35892906321835
0.5	0.6	0.5	1.58206481790845	1.28161386235847
0.6	0.6	0.5	1.50590854680393	1.21880404557426
0.7	0.6	0.5	1.44414069698119	1.16676759070038
0.8	0.6	0.5	1.39303555511538	1.12295161018321
0.9	0.6	0.5	1.35005151114555	1.08555075638316
1	0.6	0.5	1.31339527027027	1.05325226613709
0	0.7	0.5	2.6	1.99999999999984
0.1	0.7	0.5	2.15530339046666	1.71391911768923
0.2	0.7	0.5	1.86983155299918	1.51374573582852
0.3	0.7	0.5	1.67105322763307	1.36583552991302
0.4	0.7	0.5	1.52468310391771	1.2520839070881
0.5	0.7	0.5	1.41240895422653	1.16188283941822
0.6	0.7	0.5	1.32355997127125	1.08860471983665
0.7	0.7	0.5	1.25149747981139	1.02789552248379
0.8	0.7	0.5	1.19187481430128	0.976776878547113
0.9	0.7	0.5	1.14172676300315	0.9331425491137
1	0.7	0.5	1.09896114864865	0.895460977159958
0	0.8	0.5	2.6	1.99999999999984
0.1	0.8	0.5	2.09177530339047	1.67305042021627
0.2	0.8	0.5	1.7655217748562	1.4442808409469
0.3	0.8	0.5	1.53834654586636	1.27524060561489
0.4	0.8	0.5	1.37106640447739	1.14523875095785
0.5	0.8	0.5	1.2427530905446	1.04215181647798
0.6	0.8	0.5	1.14121139573857	0.958405394099046
0.7	0.8	0.5	1.05885426264159	0.889023454267213
0.8	0.8	0.5	0.990714073487174	0.830602146911015
0.9	0.8	0.5	0.933402014860738	0.780734341844245
1	0.8	0.5	0.884527027027027	0.737669688182822
0	0.9	0.5	2.6	1.99999999999984
0.1	0.9	0.5	2.02824721631427	1.63218172274331
0.2	0.9	0.5	1.66121199671323	1.37481594606527
0.3	0.9	0.5	1.40563986409966	1.18464568131677
0.4	0.9	0.5	1.21744970503706	1.0383935948276
0.5	0.9	0.5	1.07309722686268	0.922420793537732
0.6	0.9	0.5	0.958862820205889	0.828206068361437
0.7	0.9	0.5	0.86621104547179	0.750151386050631
0.8	0.9	0.5	0.789553332673071	0.684427415274917
0.9	0.9	0.5	0.72507726671833	0.628326134574789
1	0.9	0.5	0.670092905405405	0.579878399205685
0	1	0.5	2.6	1.99999999999984
0.1	1	0.5	1.96471912923808	1.59131302527035
0.2	1	0.5	1.55690221857025	1.30535105118365
0.3	1	0.5	1.27293318233296	1.09405075701865
0.4	1	0.5	1.06383300559673	0.931548438697344
0.5	1	0.5	0.903441363180755	0.802689770597488
0.6	1	0.5	0.77651424467321	0.698006742623829
0.7	1	0.5	0.673567828301989	0.61127931783405
0.8	1	0.5	0.588392591858968	0.538252683638819
0.9	1	0.5	0.516752518575922	0.475917927305334
1	1	0.5	0.455658783783784	0.422087110228549
